10,20
10,298
10,32
10,240
10,150
11,8
11,19
20,3
20,2
20,1
19,3
19,2
19,1
12,3
12,2
12,1
11,29
11,28
11,26
11,25
11,24
11,23
11,22
11,21
11,20
11,18
11,16
11,15
11,14
11,13
11,12
11,11
11,10
11,5
11,4
11,3
11,2
11,1
10,308
10,292
10,290
10,282
10,280
10,274
10,272
10,266
10,258
10,253
10,250
10,247
10,235
10,220
18,1
18,3
10,216
14,1
14,3
13,1
10,212
13,3
10,193
10,190
10,184
10,181
10,172
10,168
10,154
10,146
10,127
10,114
10,112
10,109
10,107
10,100
10,98
10,70
10,64
10,26
10,22
10,16
10,6
10,3
10,2
10,1
9,7
9,6
9,5
9,4
9,3
9,2
9,1
8,18
8,17
8,16
8,15
8,14
8,13
8,11
8,10
8,9
8,8
8,7
8,6
8,5
8,4
8,3
8,2
8,1
3,3
3,2
3,1
